298
229
425
369
258
442
264
375
391
520
280
362
57
472
486
511
217
201
445
129
321
265
290
208
419
516
411
271
343
346
333
166
441
492
144
474
311
78
226
325
533
6
512
323
502
313
367
268
60
371
495
551
75
352
296
138
197
458
432
111
477
35
392
327
163
202
156
101
12
379
118
94
330
210
154
385
335
336
463
485
213
10
172
370
98
246
137
58
251
238
302
115
455
278
386
81
450
380
230
145
37
484
453
178
410
269
542
7
536
126
381
338
273
248
139
218
89
177
408
334
481
77
562
185
365
305
570
274
555
5
64
242
397
168
262
30
503
33
183
402
561
351
99
470
437
48
15
528
342
457
444
347
348
209
446
169
416
359
239
198
19
489
454
50
322
109
281
205
73
2
54
188
8
206
104
216
314
545
71
235
374
506
70
117
494
143
256
207
329
289
316
412
350
68
214
87
76
294
546
220
422
534
96
468
560
538
170
449
427
16
309
436
254
312
171
153
565
372
504
228
174
88
237
556
51
204
569
364
440
25
190
552
345
467
420
497
297
141
266
91
462
80
222
93
193
127
243
133
403
231
14
131
401
476
149
328
404
406
114
456
186
429
306
400
164
270
434
97
72
31
79
247
272
413
460
45
377
130
223
22
378
288
498
241
394
110
113
390
13
418
376
426
563
227
158
465
148
116
125
61
196
303
424
128
176
451
215
11
355
292
253
108
83
361
396
142
471
304
354
240
28
417
540
211
276
18
510
55
332
167
140
544
433
550
124
539
152
409
181
21
180
267
491
287
464
26
421
461
36
252
566
225
155
46
387
373
430
344
399
301
165
199
366
184
134
62
508
438
232
448
175
564
102
42
475
151
39
53
263
469
103
553
136
318
530
548
509
146
513
473
122
43
340
82
123
200
571
423
203
541
4
23
307
443
259
191
500
105
1
382
299
488
317
337
224
56
447
526
496
431
275
501
3
353
493
293
27
95
537
24
279
212
572
84
160
320
393
466
310
300
52
20
487
529
518
398
452
415
74
286
112
106
384
557
63
59
480
194
357
44
324
234
187
150
319
405
490
219
395
531
295
483
547
121
478
389
100
282
514
86
284
221
515
356
182
32
331
257
260
250
517
162
92
41
245
233
47
519
535
173
439
428
315
505
521
341
479
65
107
522
189
360
119
85
532
543
255
90
349
388
368
261
17
525
244
179
459
49
554
383
192
339
363
66
482
326
407
524
135
147
549
29
414
0
236
195
558
283
567
523
249
527
9
499
277
157
291
120
161
285
159
507
69
40
358
308
568
38
132
435
559
34
67
